  -5.9842084e-02  -2.3145325e-01  -1.0407078e-01
  -2.2413027e-05  -1.1072745e-01  -4.2733067e-01
   2.1479312e-01   2.6605594e-01  -4.4398364e-01
  -3.4498230e-02  -3.5633925e-01  -1.2694260e-01
   1.5232369e-01  -3.9000943e-01  -6.0372710e-01
  -1.7678447e-02  -2.3844955e-02  -4.1076615e-02
   5.4593640e-03   2.9001015e-01   3.2308534e-02
  -1.1354978e-01   3.9445370e-01   3.0867290e-01
   1.6319470e-01  -1.6140446e-01  -9.3184650e-01
  -5.0313465e-02  -1.8604125e-01  -2.6721263e-01
   3.7032899e-02   2.6946586e-01   3.9743770e-02
  -8.1928767e-02  -1.5923575e-01   3.6197391e-01
   3.6169498e-03  -2.7037296e-01  -2.9127741e-01
  -2.5422595e-02   9.0529822e-02   2.7735695e-01
  -6.4658999e-02  -5.8009374e-01   3.8356557e-01
  -3.1452432e-02  -7.1236938e-02   5.2019663e-02
  -8.4625240e-03  -8.8375207e-04  -3.1313190e-01
   7.8791790e-02   9.1758505e-02   3.6259141e-02
  -3.8841631e-02   6.3936263e-02   1.4327693e-01
  -2.2023676e-01  -5.9357401e-02   2.9399043e-03
   4.7265165e-03   7.9445429e-02  -3.1629655e-01
   2.9855767e-01   3.7810853e-01   1.9115254e-01
   9.7408518e-03   3.7368470e-01   6.0586661e-01
  -9.2523657e-03  -2.0205916e-01  -4.9361128e-01
  -7.6955878e-03   8.7398589e-02  -4.0779807e-02
  -2.5118950e-01   1.6458543e-01   8.8066339e-01
  -3.2491650e-02  -1.4731567e-02  -9.5070198e-02
  -8.2884312e-02  -6.1576299e-02   4.9864110e-02
   4.0121353e-03  -1.2795457e-01  -5.8750975e-01
   2.3220249e-02   1.9087322e-01  -4.2773303e-01
  -8.3794603e-03   2.2984442e-01  -1.8465470e-01
   7.9652235e-02   7.3224157e-02  -1.9152861e-02
   7.2181471e-02   4.0138263e-02  -4.0259874e-01
   1.8925960e-01   1.5348472e-01  -1.1031976e-01
   1.8434482e-02   4.2670019e-02   8.2868144e-02
   2.6528314e-01   1.1148816e-01  -4.9577826e-01
   1.6223493e-01   1.2933682e-01   1.1914318e-01
   1.3750248e-01   6.3290522e-02   1.2945260e-01
  -1.1851322e-02  -4.7810562e-02  -3.9379162e-01
   4.8060797e-02   3.1224075e-01   2.1310124e-01
  -2.2723332e-02   2.9013801e-01   4.5091906e-01
  -7.1483634e-02   8.3195642e-03   5.1541519e-03
   4.3221299e-02  -4.2250451e-01  -4.0052304e-01
  -4.0300242e-03  -1.8602788e-01  -5.4080629e-01
   8.8227736e-03   8.6110570e-02   1.5545321e-01
   5.4588919e-03   3.7784457e-01   8.9859568e-02
  -1.4975823e-02   6.8427366e-01   1.9677018e-01
   1.1450361e-02  -1.3834298e-01  -3.7233391e-01
  -6.9700383e-02   7.9372905e-02   5.1486337e-01
  -1.9136425e-02   1.1610107e-01   5.0063133e-01
  -1.0463253e-01  -1.3542049e-01  -7.7339388e-02
  -1.7947976e-02  -1.3119209e-01   1.0421979e-01
  -6.3936808e-03  -7.2194122e-02   2.1837164e-01
   9.9990240e-05  -1.3463885e-01  -3.3797142e-01
   8.9223750e-02  -4.1140813e-01  -5.7067472e-01
  -1.3695778e-02   3.8886148e-01   2.3825124e-01
   6.7643896e-02  -6.4997166e-01  -1.1659192e+00
   9.8729722e-02  -7.0629281e-01  -3.5931391e-01
   3.0095845e-02   2.2131531e-01   6.4976133e-02
  -1.0240605e-03   1.2850299e-01   4.5891249e-01
   5.0672408e-02   6.3552298e-02   2.2061514e-02
  -7.2758541e-02  -3.2345448e-02  -8.2503811e-02
   1.3673051e-02  -1.6652824e-01   3.1324816e-01
  -6.9008172e-02   1.0751215e-01   6.8328552e-02
  -7.7671215e-02   1.3938975e-01   9.4173051e-02
