  -1.1985023e-01   2.0230547e-02  -1.0727860e-01
   5.8166806e-02   1.5960602e-01   2.3411556e-01
  -7.7662356e-02   7.0740692e-02   1.7000212e-01
   1.2039697e-01   9.4544582e-02  -1.1725236e-01
   2.4407785e-02   8.8920295e-02   1.0847091e-01
  -2.7655289e-02   2.4793591e-02  -1.3319257e-01
  -1.0299327e-01  -1.0273355e-01  -1.0715071e-04
   7.2418474e-02  -1.5941385e-02   1.7306869e-01
   3.3486661e-02  -1.8833283e-02   4.5644842e-02
  -9.3084536e-02  -5.0693117e-03   1.8929935e-01
   3.3206254e-02  -4.7133412e-02  -1.2049911e-01
  -1.3354816e-01   1.2225758e-01   3.1972129e-02
  -3.6656965e-02   2.4005342e-01  -1.5890297e-01
   1.5628831e-02   2.0987839e-01   1.3148312e-01
  -5.8735907e-02   1.5453638e-03  -1.3874811e-01
  -1.1200233e-01   7.9692915e-02   1.0353949e-01
   6.1935663e-02   1.8693945e-01  -1.0232887e-01
  -4.0998142e-02   1.1094218e-01   1.5430211e-01
  -1.1957593e-01   8.1782162e-02   1.5664934e-01
   9.4610453e-02   1.3824427e-01  -4.6887070e-02
   6.3114561e-02   1.2182185e-01  -1.6705482e-01
   6.7265451e-02  -1.3411702e-02  -1.2270257e-01
  -1.0414123e-01  -5.1492002e-02  -3.4953617e-02
   7.6274127e-02  -8.9137042e-03  -1.1307831e-02
   5.3925779e-02   1.5371907e-01   1.9435999e-01
   8.0925286e-02   1.0776377e-02  -3.8657788e-02
   1.3704674e-01   1.3763784e-01   6.0074474e-04
  -3.8396522e-02   1.1980668e-01   7.3019236e-02
  -9.1852630e-03  -3.7980586e-02  -5.8362775e-02
   1.3337113e-01   8.8904060e-02  -1.6098692e-01
  -4.3860268e-02   1.5589042e-01   5.0757896e-02
   1.6169035e-01   2.9784331e-02  -7.4793279e-02
   3.7742805e-02  -1.4235398e-01   9.4633676e-02
   1.1602253e-01   1.6747600e-01   2.2216086e-01
   7.4299365e-02  -6.1836250e-02  -1.3427293e-01
   4.2215075e-02   1.3992624e-01  -2.8019831e-02
   1.1835571e-01  -8.6005509e-02   1.2406459e-01
  -8.2782038e-02   4.5372281e-02   1.4247724e-01
  -6.2889308e-02  -1.3346103e-01  -2.6808503e-01
  -5.5847030e-02   8.8907667e-02   8.2343325e-02
   2.5794115e-02   1.4045113e-01  -7.0194244e-02
  -8.2679488e-02  -1.4004341e-02  -5.2798901e-02
  -1.7360045e-04  -2.7558047e-04   9.6622127e-04
  -4.2768706e-02   2.8631182e-02  -9.9540107e-02
   1.4105240e-01   1.4056852e-01  -9.6689895e-05
   6.8375088e-02  -1.0975470e-01  -1.1731915e-01
  -1.2269753e-02  -8.2573883e-02   1.6093536e-05
   3.9548483e-02   8.0643967e-02  -1.4359355e-01
   1.5766199e-01   1.2484366e-01  -5.3381037e-02
   3.7755065e-02   5.2885734e-02   6.4630143e-02
   1.2459648e-01   5.8136430e-02   9.8653644e-02
  -1.5338425e-01  -1.3724461e-01   9.1440901e-02
  -8.4411263e-02   1.3102660e-01  -1.2243184e-01
   8.6294569e-02   1.2348885e-01  -8.9205168e-02
   6.7571439e-02  -1.2711492e-01   3.9550569e-02
   2.0076280e-02  -1.1784552e-01  -9.3597598e-02
  -1.1807758e-01   5.6383617e-02   6.7906082e-02
   1.1068776e-01   3.2814106e-01   1.1550865e-01
   1.1420833e-01  -9.0839446e-02   7.8062043e-02
  -3.3201333e-02   1.3968045e-01  -4.0337835e-03
   3.9118804e-02  -1.3960925e-01  -1.5418932e-01
  -1.0080680e-02   3.9685428e-02   2.0277494e-01
   7.6355085e-02   7.6159924e-02   8.8758905e-05
   1.2686418e-01  -1.1695561e-02  -1.8346761e-01
  -5.0291806e-02  -7.6211430e-02  -1.0359243e-01
