  -3.7042100e-05  -6.9681621e-05   1.6516642e-04
  -2.3517430e-04   6.7004806e-04   7.0536166e-04
   7.0473164e-02  -4.8976876e-02  -1.9633697e-01
   6.3936725e-02  -1.0264914e-01  -2.2494400e-01
  -5.6304689e-04  -1.1800398e-03  -4.4104647e-05
   3.8666822e-04  -1.1012022e-03  -5.3329853e-04
   1.5470596e-01   1.1338059e-01   1.3158366e-01
  -3.5718706e-04  -1.3781179e-03  -9.6024794e-04
  -3.6429402e-03   2.1355876e-01   2.8498626e-01
  -1.3696811e-01  -3.7507564e-01  -1.7496245e-01
  -1.5399401e-01  -2.5203112e-01   2.4121350e-01
   1.2293764e-03   4.5457229e-02  -2.3869306e-01
   5.0202612e-04  -8.0379382e-02   3.2119521e-01
   8.8212583e-03  -2.1323623e-01  -7.4378586e-01
   2.1269694e-03  -3.1890091e-01  -5.3898722e-02
  -1.5437332e-01  -1.5535159e-02   3.6033589e-02
  -1.0385445e-02  -4.6259116e-02   1.1455693e-01
   9.2576304e-03  -1.6806392e-01  -1.1777063e-01
  -3.5728451e-03   3.3330459e-02   1.8061164e-01
   1.3815428e-01   1.4024790e-01   3.7245036e-04
  -1.3598630e-03   2.3723733e-01   4.7816432e-01
  -1.2888300e-01   3.1140372e-02  -2.0083573e-01
  -3.9352621e-03  -3.2621205e-01  -1.2074301e-01
  -9.1528809e-06   5.5923851e-05  -1.7113669e-04
   3.3880901e-02  -2.6766592e-01  -2.9505450e-01
  -2.0506376e-01   9.2589818e-02   6.9473255e-01
  -9.2718918e-03   8.4504157e-02   2.6054835e-01
  -1.8969441e-02  -4.0744826e-01  -5.4315202e-02
  -1.6098069e-01  -1.6735271e-02   1.7533070e-01
  -3.6065813e-04  -1.0085988e-03  -1.2813326e-03
  -9.4771236e-03   3.5428622e-01   8.5675544e-01
  -7.6197669e-02   2.3421681e-01   6.6730267e-01
   5.7979957e-03  -2.5823501e-01  -3.5079944e-01
   2.2049872e-04   4.4832435e-01  -9.9327348e-02
  -7.8478595e-05   1.4279251e-01  -2.7548078e-01
   2.6793715e-01   9.7081475e-02  -5.5490208e-01
  -1.6337291e-04  -9.9681718e-03   2.3959137e-01
   6.2334761e-03   1.1326070e-01   1.0353675e-01
   2.8095389e-02  -2.8943133e-01   1.0436534e-02
   1.0251545e-04   1.4312828e-01  -4.9972597e-01
   1.3370194e-01  -1.8926819e-01   1.9137504e-02
   1.3505626e-01   1.4208645e-01  -2.3385477e-03
  -5.8662629e-04  -9.9861071e-02   1.5617956e-01
   9.2463322e-02   1.1506543e-01   8.4700890e-02
   1.2651521e-03   1.0743734e-01  -2.4346107e-01
   1.7765469e-04   2.6187778e-01   4.3824691e-02
  -4.7235559e-03   1.1142020e-01   4.4049549e-01
   6.6851010e-03  -1.2238611e-01  -6.3078535e-01
   4.8834966e-03  -3.7422815e-01   1.3533994e-02
   2.1526676e-02   4.0578403e-02   7.2607112e-01
   5.9845555e-05   4.3802717e-04  -1.3516996e-03
   4.1582342e-03  -2.6530159e-01  -3.7876290e-01
  -3.3640270e-03   1.0529672e-01   4.1412479e-01
  -1.1094580e-03   3.6974114e-01  -3.3931756e-01
   6.0684453e-03   3.3063588e-01  -1.9143845e-01
  -1.0663097e-04   1.8323368e-03   1.8062847e-03
  -6.1313980e-03   6.3977879e-01   2.2874883e-01
  -2.4511821e-03   1.5066910e-01   1.9205277e-01
   1.7899981e-03  -1.2304548e-01  -2.1295056e-01
  -2.5196944e-03  -1.7032921e-01  -1.0631331e-01
   1.6172410e-03  -1.9212335e-01  -5.2578174e-02
  -7.3414566e-03   2.4897550e-01   9.6627390e-01
  -2.0122354e-01   1.3497333e-01   4.6706903e-01
  -8.5956722e-02   1.0477611e-01  -4.2308453e-01
   9.0066038e-02  -1.6092919e-01   7.3113360e-02
